20 20
23 23 23 23 23 23 23 23 23 23 24 8 9 25 23 23 23 23 23 23
4 23 0 0 0 5 5 5 0 0 6 8 9 7 0 0 0 5 2 1
4 0 0 23 0 0 23 23 5 0 6 8 9 7 0 0 2 0 5 0
4 0 12 13 0 23 5 5 0 0 6 8 9 7 0 5 0 0 0 3
4 0 0 0 0 0 5 0 0 0 6 8 9 7 0 0 5 0 3 0
4 23 0 0 23 0 5 0 0 0 6 8 9 7 0 5 0 0 0 3
4 0 0 23 0 5 0 0 0 0 6 8 9 7 5 0 0 0 3 0
4 0 0 0 5 23 23 23 23 23 24 8 9 7 5 0 0 0 0 3
4 0 3 3 4 4 0 0 0 0 6 8 9 7 0 4 0 0 3 0
4 1 0 0 2 0 4 0 0 0 6 8 9 7 1 4 3 3 0 3
0 4 0 0 5 0 0 3 0 3 6 8 9 7 0 2 0 0 3 0
3 0 0 0 5 0 0 0 3 0 6 8 9 7 0 0 3 0 0 3
4 0 0 5 0 3 0 0 2 0 6 11 10 7 0 3 0 0 3 0
4 1 5 5 3 4 0 3 0 0 6 8 9 25 3 0 0 12 13 0
4 0 0 2 0 0 5 0 0 0 6 8 9 7 0 0 3 0 4 0
4 0 0 5 0 0 0 3 3 0 6 8 9 7 1 14 15 16 3 0
4 0 0 5 3 0 0 0 23 23 24 8 9 7 0 17 18 19 0 5
0 4 0 0 5 0 0 0 0 0 6 8 9 7 0 20 21 22 0 5
3 0 0 0 5 0 1 0 12 13 6 8 9 7 2 0 0 0 0 5
23 23 23 23 23 23 23 23 23 23 24 8 9 25 23 23 23 23 23 23